%YAML:1.0
---
K: !!opencv-matrix
   rows: 3
   cols: 3
   dt: d
   data: [ 1.5948602679802691e+03, 0., 9.6141506931396896e+02, 0.,
       1.5894495243951196e+03, 5.3592571212418238e+02, 0., 0., 1. ]
D: !!opencv-matrix
   rows: 1
   cols: 5
   dt: d
   data: [ 3.8056272208414330e-02, -1.2163193480782426e-01,
       -3.9716149822140395e-04, 4.0607020650660674e-03,
       2.0980109967347396e-01 ]
